image: traymover_2d.pgm
resolution: 0.05
origin: [-4.3885743618011475, 21.687755584716797, 0.0]
negate: 0
occupied_thresh: 0.65
free_thresh: 0.25
