image: traymover_2d.pgm
resolution: 0.05
origin: [-6.251064300537109, -10.77906322479248, 0.0]
negate: 0
occupied_thresh: 0.65
free_thresh: 0.25
