image: traymover_2d.pgm
resolution: 0.05
origin: [-14.064992904663086, -18.069555282592773, 0.0]
negate: 0
occupied_thresh: 0.65
free_thresh: 0.25
